"CD45"	"CD33"	"CD26"	"CD11c"	"IgD"	"HLA-DR"	"CD57"	"CD49d"	"CD43"	"CD3"	"CD45RB"	"CD81"	"CD52"	"CD1c"	"CD55"	"CD25"	"CD64"	"CD123"	"TCRgd"	"Siglec-8"	"CX3CR1"	"CD20"	"CD9"	"CD34"	"CD22"	"CD14"	"CD161"	"CD29"	"CD137"	"CD62L"	"CD127"	"CD24"	"CD27"	"CD141"	"CD45RA"	"CD38"	"CD85j"	"CD147"	"CD56"	"CD99"	"CD28"	"CD39"	"CD8a"	"CD5"	"CD7"	"CD4"	"CD16"
"195"	0	0	0	0	0	0	0	0.78342911031947	0.350940369618544	0	0	6.97188009611085	1.50515241911391	0	3.89162631187749	0	0	0	0	4.82985426159321	0	0.180803824943382	9.11528858488017	2.3123922728052	0	0	0	5.50772051307796	0	0	5.42861350978219	5.61481125811951	0	0	0	1.48534225192104	0	9.40446205877624	3.09821417955799	4.02056100005171	0	5.32469870616516	4.89427865926325	0.606840142063031	0.032123687017672	0.342917308976841	0
"295"	0	0	0	0	0.970420525062104	0	0	0.161857334254799	0.693667295204523	0	0	0	0	0	4.35912407755469	0	0.184517065697241	0	0	0	4.5990070968732	1.60181131650005	9.66239255799467	4.61580560828422	0.0381873665091701	0	0.144293892635482	9.38847818808252	1.82337787010337	0.0751306425091169	0.349880083481878	1.03309997432247	0	0	0.480724326978095	2.40808624566015	0	8.70727752751869	3.60599045740709	7.95241173509933	0.762345295814334	0.072085965606497	1.86327038470606	0	0	0	0
"305"	0	0	0	0	0	0	7.96148806681777	0.00575044113526989	3.66991836219429	0	0	1.44108666859806	0	0	0	0	0	0	0	0	0	0	0	0	0	0	0	4.53673863884471	0	0	0	0	0	0	8.89948578662883	2.72082564523369	0	6.89820294143458	6.79445874157364	9.42257820628133	0.0965907832292853	0	4.2774798911118	0.226434011474009	1.62318795320639	0	1.26811210363064
"405"	0	0	0	0	0	0	0	0	0.0777416647187023	0	0	0	0	0	7.94060673397742	0	0.452475151950918	0	0	0	0	0	0	0	0	0	0	1.0531623157215	0	4.53414275882708	0	4.78794780843966	0	0	0	0.539818930110515	0	9.03896983023912	0.360957613751101	0.0849742908458961	0	2.90538937692748	3.44274712506132	0.191511114557982	0.127425487413881	0	8.9621260793638
"505"	0	0	0	0	0	0	0	0	0.206263073770004	0	0	0	0	0	7.37927676553041	0	0	0	0	0	0	0	0	0	0	0	0	0.944713894943709	0	2.29601530880821	0	2.92923270106735	0	0	0	0	0	8.6043816008932	0.676542916283204	0	0	1.79178199068349	4.73441480683638	0	0	0	7.62608081221897
"605"	0	0.00232511833976385	0	0	0	0	0	0	0	0	0	0	0	0	7.4142712465035	0	6.82724037844698	0	0	0	0	0	0	0	0	0.793263571061553	0	8.20684605049003	0.282374388869225	4.58388218139638	0	0	0	0.668417589473634	0	6.57354567009584	0.34210703697487	10	3.267451422257	9.51508706758391	0.204715417721845	4.27914451440544	3.73313374793398	0.0551498732460124	0	0	0
"705"	0	0	0	0	0.000749635694879605	0	0	0	0.00549732062002008	0.0669535629299676	0	0	0	0	7.78097021705081	0	0	0.0986575777948793	0	0	0	0	0.0474490108557936	0	0	0	0	2.90512798455393	0	5.57987250023873	0.273869759040062	6.1185965030878	0	0.475122916976734	0	0.345881403078056	0	9.09477902211706	0.557297427483304	0.145038137136673	0	4.92130818519469	2.66567758608128	0.42131300125715	0.384847977375018	0.0337318321770755	8.90508877121561
"895"	0	0	0	0	0	0	0	0	0.314286493942067	0	0	0	0	0	3.91312794121674	0	0.00215325283821242	0	0	0	0	0	0	0	0	0	0	5.18726708624734	0.0428680458098048	0.59206010926075	0	5.52682403324903	0	0	0	0.613299781410552	0	8.96590097885552	2.17027694044431	0.529799741517795	0.0116613714251962	1.80044285796127	2.78957278452959	0	0.0239360165339824	0	1.92864319866258
"995"	0	0	0	1.08329320751971	0	0	0	1.43971716773868	0.19801148796848	0	0	0	1.98661595889826	0	7.03883184444198	0	6.30643940303764	0	0	0	0	0	0.322216933890253	0	0	7.03982309999913	0	7.58308642710567	0	0	0	0	0	0.12983654651521	0.348767938224322	6.85488048961544	0	9.7817659050038	4.3274791427321	8.16809866184483	0	4.32174407106617	3.32498053086092	0	0.97483630172002	0	0.223922689160329
"1095"	0	0	0	2.41324494577251	0	0.381491391648273	0	4.33842677747524	0.791934517625279	0	0	0.966151865561996	5.1889230209925	0	6.94004066254658	0	1.38404225177794	0	0	0	0	0	0	0	0	0.219240223166965	0	7.8172496990787	0	0	0.328397637771044	0	0	0.918970535213125	0	1.14348969148238	1.27916272092074	9.74380451976036	2.73929115175429	4.70666724508182	0	1.56930774277209	1.93012665207545	0	0	0	4.839881350826
"1195"	0	0.121148982302191	0	1.16324561644768	0	0.211610027733406	0	1.12507266202266	0	0	0	0	0	0	7.51257772191962	0	3.48774371823689	0	0	0	0	0.0684153956891142	2.49588576412792	0	0.651877156923273	6.92279466525843	0	7.64380247944505	0	0.420229245482784	0	0	0	0	0.0810778083785442	6.78665173747607	0.537648375794393	9.7143130944465	3.26838075964549	6.87635225631899	0.175051140774954	4.75986305491147	2.45604719716242	0.265024184969174	0.297956221571469	0	0
"1295"	0	0	0	0	0	0	0	0	0.057422406633706	0	0	0	0	0	2.21295778134035	0	0.262664962420955	0	0	0	0	0	0	0	0	0	0	1.8243656532808	0	1.12125166053101	0	5.61082789286143	0	0	0	0.621207404802498	0	8.72330851505755	1.22536281766605	0.158428023032915	0	3.41618360498044	2.33432085460022	0	0	0	2.11389713535627
"1395"	1.47030295496391	0	0	3.6559173654879	0	1.03538503141803	0	0.948150323458018	0.111312153081723	0	0.220338479383201	1.46041605501336	1.91806173869199	0.0145604822494631	7.80094107380723	0	6.63412849710801	0	0	0	0.0392744409379466	0	6.2514096919379	1.5540475657515	0	8.57030050324429	0	7.96173251593659	1.38590903958497	0.570458415997564	0.266829931118146	2.00934373236222	0	2.39624827223691	0	6.76436215433564	2.00123276686862	9.95278537816091	4.00785795593453	8.52601681161026	0	6.92419873594995	2.44005883251842	0.489891503510464	0.143968840192841	0.150557182455612	0
"1495"	0	0	0	0	0.981953211740691	0.0213281714104764	0	0	0	0	0.53568163178483	0	0.895641052997777	0.573247724019801	0.347584099866071	0	0	0	0	0	2.5716330054096	0	8.49516758327576	0.27510527799206	0	0	0	7.55039003095167	0	0	0.312251303775556	0.17940666727822	0	0	0	0.52518277877217	0	6.83524373900132	0.687984034389787	5.9867588748898	0	1.08079691166815	0.493648201467895	0	0	0.198918818666159	0
