"89Y_CD45 (u) (v)"	"106Cd_CD66b (u) (v)"	"110Cd_CD16 (u) (v)"	"111Cd_CD8 (u) (v)"	"112Cd_CD14 (u) (v)"	"113Cd_CD4 (u) (v)"	"114Cd_CD3 (u) (v)"	"116Cd_CD19 (u) (v)"	"141Pr_CD45R0 (u) (v)"	"142Ce_CPT1a"	"143Nd_CD127 (u) (v)"	"144Nd_ATP5a"	"145Nd_GRIM19"	"147Sm_CD20 (u) (v)"	"148Sm_CD27 (u) (v)"	"149Sm_CCR4 (u) (v)"	"150Sm_CD134 (u) (v)"	"151Eu_ICOS (u) (v)"	"152Sm_TCRgd (u) (v)"	"154Gd_GLUT3"	"156Gd_CXCR3 (u) (v)"	"158Gd_CD137 (u) (v)"	"159Tb_CCR7 (u) (v)"	"160Dy_CD98 (u) (v)"	"161Dy_CTLA4"	"162Dy_Ki-67"	"163Dy_GLUT1"	"164Dy_CD95 (u) (v)"	"166Er_CD44 (u) (v)"	"167Er_CD38 (u) (v)"	"168Er_CYTOC"	"169Tm_CD25 (u) (v)"	"170Yb_CD45RA (u) (v)"	"171Yb_CXCR5 (u) (v)"	"172Yb_CD57 (u) (v)"	"173Yb_CXCR4 (u) (v)"	"174Yb_HLA-DR (u) (v)"	"175Lu_PD-1"	"176Lu_CD56 (u) (v)"	"209Bi_CD11b (u) (v)"
"105"	5.67833193839238	0	0	0	0	5.88657394136034	3.54396554753343	0	2.95006855390194	3.75211837810358	4.31205133913336	3.14066451951641	2.52823185459511	0	5.81194729989549	0	0	3.53504720720198	0	3.06427787955827	0	0	6.83019155924929	3.90893563158768	4.0936100792294	2.61832702432536	4.97756693588682	2.77601754609858	6.32010621541825	5.88629654426569	1.38342431604945	0.795450249263938	6.01410658529484	0	0	3.99842187806212	0	0	0	0
"205"	5.20672025914438	0	0	5.99432481034299	0	0	3.15017516200498	0	2.63073377390931	3.86130363936422	4.51569279558743	2.84708747691145	1.17589116031779	0	5.73605841511344	0	0	3.0195094873565	0	2.34552972753621	2.8969941609723	0	7.0030718599548	3.17685645502443	3.241673852306	1.2147828239915	4.48604697600003	1.13298938619622	5.69457132558052	3.86295690817809	0.779548314528135	0	7.07712147361563	0	0	4.5573163936797	0	0	0	0
"305"	5.55729289686445	0	0	6.29599917342481	0.533705178283897	0	3.19291419462221	0	3.6710026001237	5.07008512224745	4.61813668701534	4.80367636389334	4.13204181463268	0	6.63246665282155	0.156786140324987	0	3.6234131956702	0	5.38178179700469	3.91315523563015	0.0440778258916583	7.06774998298	6.0917237906242	5.61629274430813	4.33162143929378	6.06665197249591	2.85415207998694	6.64955336226726	4.39537144947817	2.92497761271419	0	8.53758103021407	0.711599103412851	0.628629076550025	4.27302605135988	0.464419276681587	0.17493808416373	0.643518752097373	0.100408140987962
"495"	6.55954128145881	0	0	6.69037083450531	1.55857772315751	0	4.23484520164753	0	6.57744015780135	5.07976552710869	1.23780197020769	3.38932491907091	2.70104797482255	0	6.20461664885671	2.3218564853825	0	7.41628756272319	0	3.31792541248954	5.6743477014422	1.01033337127572	2.49233452624228	4.50165128655053	4.46090184375571	5.19263050267772	5.57104881878186	5.64642347865146	7.48467728527404	8.56904286879713	3.67601890392621	0	3.4595669605958	0	0.42297093295107	3.10511043714248	5.31675218818427	5.8158058640022	0.283013329210326	0.40548340626072
"595"	6.55388292020007	0	0	0	0.533316621201283	7.132508153962	4.6387412240986	0	7.5185985379249	4.64410559364625	4.67738572239863	3.33534522743338	2.84426978947613	0	3.53537919234893	2.82301623887764	0.740445448820355	8.52140284258991	0	3.34998828384116	5.82392877131126	0.146975843551165	2.34308157076352	4.79712888344066	4.50458777993328	4.00882199914502	5.39289969892251	6.52908900184618	7.98280631600331	7.56383382916132	3.01734550429183	0.742936255502536	2.94701491871901	0	0.414707089285816	1.39133107530953	4.29104411685663	6.62003878805541	0.241594953484973	0.429241763043511
"605"	6.12915020984214	0	0	0	0	6.39899341197174	4.23790848117146	0	3.99742260606908	5.13683543405458	5.02172573056978	4.98529465345797	4.20935634056432	0.0119149208522889	6.83342974572702	0	0	4.03795171835427	0	5.55149449309141	0.0240979909312117	0.17482181275609	7.36809663812511	6.42049038094771	5.84150133008623	4.72782798711458	6.14801573234709	3.15895043267355	7.05744947998043	5.66999050934202	1.52175296976381	0.632654900489264	7.14327636326808	0	1.14922956388641	4.57119318949996	0.967162382798762	0.184249877906394	0	0
"795"	7.72904408979831	0	0	6.67481791672507	3.05417731565826	7.00929131634026	5.38834281281405	0	7.90110286230772	5.79318053344108	5.87065555639893	4.37321406806065	3.47236058598955	0	7.37929753698613	3.53397597834244	2.85837382225232	7.98996678533713	0.310888002031662	4.31503948461341	6.71835709883965	0.658377964481732	5.65103027770642	5.12230970175704	5.27103397043656	4.9345895013376	6.30889332632723	7.320546919011	8.52129722777459	8.72914680712446	4.04235017388269	3.52187644003924	3.71402960324354	0.483428361038698	1.18103437579681	4.25668505748456	4.90581817752878	6.43395433784416	0.960825338019875	0.19588312702994
"895"	7.39088769139444	0.377412595654159	1.45243936139173	6.80898950638198	5.38897095172635	4.44774053314458	4.48533956989983	0.707010896905824	7.9137234284933	7.56079668425531	3.10300454026142	5.25487770173616	4.01041180726326	1.30513365921004	6.56306228797322	5.77925969823016	2.80894567705199	7.57725966756345	1.20566447198828	5.06049153208693	6.02796966111945	3.06585185281896	3.86834794733254	6.53502845463845	6.34585024856668	6.06878270306623	7.94978614375449	7.34466981966466	9.1861860004863	9.17278281707027	4.17266835544088	0.243699422247825	5.50905572084146	0.669881597142892	2.84623589702185	6.25256364154234	7.62996115618767	5.57496494066843	3.18121029882222	7.32027699184063
"995"	6.91790828302315	0	0	7.41675333077846	1.54236048478109	0.558984704409601	4.69514923103933	0	6.50909712937742	5.5906595381711	2.83024905640064	3.8182680406036	2.87181250686463	0.165267655417491	6.25796411237381	2.65193226422387	0	7.06354118687581	0	3.677131346393	5.14705146450651	1.40412472210734	3.06787073787307	4.39492757751679	4.81909859202213	4.72316239769839	5.97501399496353	6.10501292214631	7.72900741298296	8.3179329807747	3.55852021478149	0	4.81316952323743	2.57912220697154	8.2917276007174	4.69614581845911	4.6060794414918	5.66341270282468	2.79044486279478	0.0664917855485259
"1095"	7.77922605976935	0	0	6.77483610314035	2.91818989704758	7.08079164302131	5.90496779765501	0	6.80564830510793	5.71060034400188	5.39124273941844	4.61014345927837	3.59839800192918	0.446873463726638	7.78829087742427	2.59105325806619	1.35054013889655	7.806661306142	0.204421709447368	4.23038123930408	5.78335580410181	1.28565267593453	8.05447068665003	5.19959554982615	5.33998207321933	5.26558122153918	6.36876410165676	6.16432587684277	8.51268806809737	8.90338959165958	4.1586747210843	2.53230652490794	7.19817047043675	0	1.32272038258837	5.18248754154711	5.32210329345544	5.70813731613911	1.38646216741171	0.193774939360643
"1195"	6.97342678321841	0	2.47508125393144	0	0	0	5.63201472005204	0	1.25926959967708	5.59950040662247	0.0225708753033948	4.19013494731374	2.26852486743077	0.167294879622343	2.55945959574301	0	0.907235171093259	3.64096349123385	7.17851992736693	3.97416978684514	2.57239193642392	0.972311897760966	3.28439172849928	3.99070597082523	5.08884975163004	2.60653824127015	5.67639863732403	6.18454194575163	7.342995077037	8.07500712806651	3.95551723544191	0.0933452760276438	10	3.39209290266648	9.5983105226319	5.02293756204455	3.67127652853512	0.835226138465299	2.02027334273553	0.816439280633589
"1295"	7.41596135009923	0	0	0	3.73853364017275	7.44206074377657	6.32532191065338	0	3.39922661389385	4.62488103794682	5.36514710359027	3.4170200297362	3.49897352137842	0.169912429644121	7.50473242778351	0.953835682062172	1.27044365944494	5.07798887718633	0	3.90599537934963	0	0.32513548836166	8.7981951437374	3.76535795492352	5.08015075347235	3.99024333369564	5.63996164520977	3.43062145795208	8.1307333526927	6.07526030136683	3.87483129777225	0	9.06499788624602	0.442664985115351	1.1783763089905	6.06899595188164	0.575459352542524	1.24769353820474	0.0465693260408925	0.34827818897159
