"89Y_CD45 (u) (v)"	"106Cd_CD66b (u) (v)"	"110Cd_CD16 (u) (v)"	"111Cd_CD8 (u) (v)"	"112Cd_CD14 (u) (v)"	"113Cd_CD4 (u) (v)"	"114Cd_CD3 (u) (v)"	"116Cd_CD19 (u) (v)"	"141Pr_CD45R0 (u) (v)"	"142Ce_CPT1a"	"143Nd_CD127 (u) (v)"	"144Nd_ATP5a"	"145Nd_GRIM19"	"147Sm_CD20 (u) (v)"	"148Sm_CD27 (u) (v)"	"149Sm_CCR4 (u) (v)"	"150Sm_CD134 (u) (v)"	"151Eu_ICOS (u) (v)"	"152Sm_TCRgd (u) (v)"	"154Gd_GLUT3"	"156Gd_CXCR3 (u) (v)"	"158Gd_CD137 (u) (v)"	"159Tb_CCR7 (u) (v)"	"160Dy_CD98 (u) (v)"	"161Dy_CTLA4"	"162Dy_Ki-67"	"163Dy_GLUT1"	"164Dy_CD95 (u) (v)"	"166Er_CD44 (u) (v)"	"167Er_CD38 (u) (v)"	"168Er_CYTOC"	"169Tm_CD25 (u) (v)"	"170Yb_CD45RA (u) (v)"	"171Yb_CXCR5 (u) (v)"	"172Yb_CD57 (u) (v)"	"173Yb_CXCR4 (u) (v)"	"174Yb_HLA-DR (u) (v)"	"175Lu_PD-1"	"176Lu_CD56 (u) (v)"	"209Bi_CD11b (u) (v)"
"105"	32.5055541992188	0	0	0	0	37.8857860565186	6.00385117530823	0	3.55788815021515	7.79921126365662	11.8861360549927	4.76809000968933	2.1219824552536	0	35.8623924255371	0	0	5.94938015937805	0	4.70511245727539	0	0	75.8280639648438	8.82480049133301	10.1158356666565	2.6018705368042	19.4096746444702	2.4083399772644	52.112117767334	37.8780574798584	1.20178329944611	0.618739038705826	41.611213684082	0	0	9.23748970031738	0	0	0	0
"205"	22.9757261276245	0	0	41.0102310180664	0	0	3.67826354503632	0	1.68125259876251	8.33043193817139	13.8121676445007	3.21149682998657	0.976324200630188	0	33.9154815673828	0	0	3.68118298053741	0	2.11708450317383	3.6199506521225	0	86.1062850952148	4.44216704368591	5.14817786216736	1.01669061183929	13.5135860443115	0.932720333337784	32.8961620330811	8.52956104278564	0.605032682418823	0	90.924388885498	0	0	14.2424921989441	0	0	0	0
"305"	29.7364978790283	0	0	51.1964569091797	0.402535066008568	0	3.68322539329529	0	7.02691602706909	20.7776260375977	14.8953814506531	17.0769815444946	10.1563477516174	0	65.5677185058594	0.115526966750622	0	6.25572514533997	0	26.1344289779663	8.85239553451538	0.0324123501777649	90.3000297546387	44.0555171966553	31.0555095672607	11.8798923492432	43.2506637573242	1.93334305286407	66.3966979980469	12.6395974159241	2.94621646404266	0	266.082580566406	0.547374099493027	0.478808283805847	11.5487403869629	0.348121508955956	0.128971997648478	0.490974485874176	0.0738886371254921
"495"	62.1444225311279	0	0	68.4196624755859	1.41364872455597	0	11.2104363441467	0	62.9677238464355	20.9262027740479	1.04097211360931	5.40247392654419	1.9836688041687	0	47.8691291809082	1.5753527879715	0	116.675914764404	0	5.08909511566162	32.4104309082031	0.813032001256943	1.6478413939476	13.6699376106262	13.2653713226318	22.7387237548828	30.0389356613159	31.7515020370483	122.692722320557	272.309173583984	6.99182057380676	0	6.2587673664093	0	0.316010996699333	4.54800462722778	24.9134073257446	35.9643135070801	0.209580346941948	0.302552953362465
"595"	61.8863983154297	0	0	0	0.402227133512497	94.7035751342773	15.1232538223267	0	125.79118347168	15.1831474304199	15.5600366592407	5.18298959732056	2.27445197105408	0	6.68975019454956	3.92161440849304	0.57167661190033	262.936401367188	0	5.12422037124634	36.1798210144043	0.108269259333611	2.62749433517456	16.9948329925537	13.6995611190796	9.50141716003418	26.349084854126	60.7683525085449	176.959976196289	130.045181274414	3.6567862033844	0.573786973953247	3.85564303398132	0	0.309644937515259	1.21089208126068	11.7033185958862	64.9712753295898	0.178559720516205	0.320849508047104
"605"	45.2849140167236	0	0	0	0	55.2244968414307	10.1820006370544	0	9.24515199661255	21.8239212036133	20.0510101318359	19.520411491394	11.0185675621033	0.00876014027744532	76.0088233947754	0	0	9.29909038543701	0	29.6099271774292	0.0177181307226419	0.128885805606842	112.614231109619	56.1043910980225	36.6504611968994	16.1491193771362	45.9175548553467	3.23155987262726	89.6187210083008	32.3067216873169	1.3672798871994	0.482092022895813	95.456356048584	0	0.949114799499512	14.3889017105103	0.772528052330017	0.135877948254347	0	0
"795"	146.840972900391	0	0	67.641674041748	3.51922261714935	86.5009460449219	26.2608919143677	0	166.642860412598	35.3707828521729	37.4448223114014	12.0418682098389	4.89737462997437	0	113.545482635498	6.68277549743652	1.99628782272339	177.894050598145	0.230564951896667	11.2952108383179	69.8421936035156	0.50317445397377	31.8592796325684	21.5918474197388	24.0892429351807	18.8051490783691	51.6841983795166	108.745185852051	262.915985107422	306.325912475586	9.19273853302002	6.62292885780334	7.63853311538696	0.362954393029213	0.98161593079567	11.4103031158447	18.4109773635864	56.6626091003418	0.766648977994919	0.144514556974173
"895"	114.517204284668	0.281053870916367	1.28269410133362	74.6551132202148	26.2730312347412	13.1372652053833	13.5065402984619	0.543531596660614	168.196334838867	129.755111694336	3.98706328868866	23.8045492172241	9.31786775588989	1.11373382806778	62.3055248260498	35.0104713439941	1.76626062393188	131.335235595703	1.00715312361717	20.631420135498	42.0376205444336	3.88098418712616	8.52449321746826	61.034330368042	53.108039855957	43.318489074707	172.715591430664	110.691123962402	428.663818359375	424.460403442383	10.6509609222412	0.180131644010544	28.6997871398926	0.512660533189774	1.77620339393616	49.587043762207	136.52409362793	30.1255960464478	1.83964973688126	108.723606109619
"995"	80.8798217773438	0	0	116.715877532959	1.39310270547867	0.422640904784203	15.7650027275085	0	59.88157081604	30.475417137146	3.3735568523407	7.59178161621094	2.90648293495178	0.121806465089321	49.7843608856201	2.42250406742096	0	90.0210227966309	0	6.96098208427429	21.9886293411255	1.22571748495102	3.72491550445557	12.6354603767395	17.272045135498	16.0937132835388	40.4319248199463	44.4881763458252	146.837013244629	226.403053283691	6.29091477394104	0	17.1967916488647	1.8738831281662	222.082748413086	15.776581287384	14.7636251449585	32.150785446167	2.06593984365463	0.048905230127275
"1095"	152.359909057617	0	0	72.8036880493164	2.52092909812927	91.1700820922852	38.4017906188965	0	74.4719314575195	33.2863082885742	26.3169822692871	14.794358253479	6.24113512039185	0.334490835666656	153.37873840332	2.56228590011597	1.16433215141296	155.464401245117	0.150860354304314	11.0950260162354	35.1161079406738	1.09240913391113	186.533920288086	22.8555755615234	25.3428993225098	23.9927806854248	54.0104675292969	46.4716186523438	261.257080078125	348.192718505859	10.2319679260254	1.71706831455231	99.3878860473633	0	1.13318109512329	22.5696220397949	25.0116939544678	33.2260589599609	1.20527815818787	0.142948657274246
"1195"	84.2497329711914	0	1.44151151180267	0	0	0	31.4167499542236	0	1.06388556957245	30.6742572784424	0.0165952071547508	10.8633098602295	1.58796012401581	0.123308062553406	1.56881666183472	0	0.717584550380707	5.2822585105896	97.9622421264648	8.21861362457275	1.76874244213104	0.777317762374878	3.16417384147644	8.8462495803833	21.066593170166	3.32453751564026	32.4593620300293	47.167652130127	110.554908752441	189.37174987793	9.13419723510742	0.0686827301979065	779.7724609375	5.07833671569824	580.374572753906	20.068904876709	7.18002223968506	0.653397560119629	2.01298189163208	0.636959910392761
"1295"	116.647933959961	0	0	0	5.54673385620117	118.907947540283	52.312370300293	0	3.93338394165039	10.8320984840393	24.7652645111084	5.81206035614014	4.6947295665741	0.125247329473495	124.515270233154	0.760183751583099	1.07591670751572	20.8988552093506	0	8.43382430076599	0	0.241327583789825	322.278228759766	7.42686796188354	18.2538909912109	7.73732781410217	31.6009387969971	5.5061674118042	197.291694641113	43.5253372192383	5.85733819007874	0	392.122146606445	0.331229791045189	0.978879362344742	43.3252830505371	0.435822006314993	1.05149731040001	0.0342451557517052	0.258866675198078
